0,12,25,51,118,162
1,2,127,156,192,202,214,222,225,228,229,230,232,234,236,237,249,254,255,258,259,265,268,282,286,290,296,297,300,301,304,305,310,311,312,313,314,315,316,320,321,322,323
3,5,6,7,8,9,10,15,17,21,26,28,31,35,36,41,46,47,49,55,57,58,60,72,85,89,90,91,123,133,134,144,146,150,158,160,186,187,191,208,233,240,248,272,274,284,308,309
4,27,30,34,39,54,64,119,220,235,239,241,242
11,19,23,45,48,50,59,61,63,65,66,67,68,74,78,94,95,97,98,102,103,107,108,112,114,115,120,145,159,163,165,171,172,176,177,181,183,195,200,243,245,260,263,270,273,278,285,294
13,29,33,38,42,76,82,83,84,109,111,122,149,170,201,209,213,257
14,56,62,88,92,104,117,124,126,128,130,132,140,143,155,167,174,175,179,182,185,188,190,193,194,198,199,203,206,212,216,217,218,224,226,227,231,244,246,247,251,252,256,264,266,271,279,280,281,288,289,291,293,298,307
16
18,168,169,211
20,37,69,157
22,32,43,70,81,138,184,215,238,262
24,52,53,73,79,86,87,101,116,125,142,152,173,204,205,223,250
40,75,77,93,100,105,110,129,135,136,137,141,147,151,153,154,164,166,178,180,196,197,210,219,253,269,275,276,277,283,287,292,295,299,302,303,306,317,318,319
44
71,80,96,99,106,113,121,131,139,148,161,189,207,221,261,267
