0,7,8,12,29,45,46,49,51,56,71,78,88,95,107,122,134,138,164,170,189,196,198,210,213,214,235,245,262,270,278,282,292
1,40,47,83,104,109,186,252,266
2,4,13,15,17,27,28,32,34,36,37,50,52,55,57,58,60,61,64,69,73,84,87,89,96,98,102,105,110,112,113,115,116,118,121,125,126,128,132,133,137,140,143,144,150,154,157,158,159,160,162,168,169,175,180,185,187,192,194,204,205,209,211,216,222,224,226,234,238,242,244,250,259,261,267,269,272,276,279,290,291,298,303,306,309,315,320,322,323
3,5,23,26,35,39,72,74,86,101,117,119,135,136,141,203,212,243,271,287
6
9,22,25,30,41,80,90,99,123,139,171,173,183,191,217,255
10,24,38,42,70,93,106,145,148,152,177,237,246,247,281
11,65
14,20,63,82,149,179,184
16,31,48,62,66,75,79,81,91,97,103,127,129,130,131,146,151,155,161,163,165,176,178,181,188,190,197,199,201,206,215,218,219,220,221,225,227,228,231,232,233,236,239,240,241,251,253,254,257,258,260,263,273,274,275,277,280,283,284,288,294,296,297,300,308,313,317,318,319
18,53,54,68,153,167,200,223,268
19,114,124,156,166,195,207,249,264,286,295,299,302
21
33,100,111,120,147,202
43,44,59,67,76,77,92,94,108,142,172,174,182,193,208,229,230,248,256,265,285,289,293,301,304,305,307,310,311,312,314,316,321
85
