0,131,195,227,241,254,259,271,276,278,286,287,288,290,293,295,299,300,301,302,303,304,307,311,312,322
1,12,18,27,29,39,42,59,65,66,71,75,80,88,90,92,99,103,107,150
2,7,60,142,274,284,289,296
3,13,14,15,20,21,23,24,25,26,28,30,31,32,34,36,40,44,50,55,58,62,63,67,70,72,76,77,78,79,82,83,84,85,89,93,95,97,100,102,111,114,115,116,121,123,129,130,135,137,139,140,146,149,152,155,157,158,159,170,172,191,197,198,201,206,207,211,215,217,219,220,225,228,229,233,234,235,238,239,240,253,255,257,262,264,265,267,269,272,273,283,292,306
4,8,33,35,43,108,118,132,143,156,164,171,175,176,182,183,184,187,188,212,216,226,245,246,249,251,275,309,314,320
5,9,22,41,48,49,51,101,138,161,163,173,236,256
6,11,19,38,56,74,81,86,94,105,113,117,124,125,128,134,145,148,160,162,178,181,192,208,224,231,247,263,277,280,281
10,16,17,37,45,47,52,53,54,57,61,64,68,69,73,87,96,98,104,106,109,110,112,119,120,122,126,127,136,144,147,151,153,154,167,168,169,177,180,186,189,190,193,194,196,199,200,202,203,204,205,209,210,213,214,218,221,222,223,230,232,237,242,244,250,252,258,261,268,270
46,133,166,174,179,185,248,260,266,282,285,291,294,297,305,308,310,313,315,316,317,318,319,321
91
141
165
243
279
298
323
